0 0 531 1
0 0 664 1
0 0 686 1
0 0 772 1
0 0 1168 1
0 0 1423 1
1 0 22 1
1 0 52 1
1 0 224 1
1 0 253 1
1 0 1080 1
1 0 1481 1
2 0 76 1
2 0 223 1
2 0 284 1
2 0 498 1
2 0 609 1
2 0 881 1
2 0 887 1
2 0 933 1
2 0 951 1
2 0 1002 1
2 0 1045 1
2 0 1048 1
2 0 1180 1
2 0 1223 1
2 0 1236 1
2 0 1270 1
2 0 1363 1
2 0 1484 1
3 0 28 1
3 0 37 1
3 0 321 1
3 0 643 1
3 0 710 1
3 0 945 1
3 0 1161 1
3 0 1445 1
4 0 107 1
4 0 135 1
4 0 175 1
4 0 218 1
4 0 224 1
4 0 322 1
4 0 333 1
4 0 347 1
4 0 477 1
4 0 479 1
4 0 501 1
4 0 520 1
4 0 554 1
4 0 692 1
4 0 713 1
4 0 771 1
4 0 855 1
4 0 856 1
4 0 857 1
4 0 871 1
4 0 892 1
4 0 914 1
4 0 1015 1
4 0 1023 1
4 0 1137 1
4 0 1140 1
4 0 1172 1
4 0 1235 1
4 0 1294 1
4 0 1295 1
4 0 1374 1
4 0 1391 1
4 0 1454 1
4 0 1464 1
4 0 1471 1
5 0 5 1
5 0 50 1
5 0 131 1
5 0 172 1
5 0 215 1
5 0 802 1
5 0 1229 1